-60 -0.003082
-59 -0.006106
-58 -0.004050
-57 -0.007414
-56 -0.009274
-55 -0.008695
-54 -0.010024
-53 -0.011212
-52 -0.010952
-51 -0.009950
-50 -0.008615
-49 -0.007777
-48 -0.009241
-47 -0.007664
-46 -0.006844
-45 -0.005769
-44 -0.004575
-43 -0.003463
-42 -0.002462
-41 -0.000975
-40 -0.000531
-39 -0.001694
-38 -0.003742
-37 -0.005011
-36 -0.004547
-35 -0.006952
-34 -0.011032
-33 -0.013160
-32 -0.012039
-31 -0.012835
-30 -0.015230
-29 -0.016345
-28 -0.014793
-27 -0.010712
-26 -0.007387
-25 -0.007390
-24 -0.008231
-23 -0.006533
-22 -0.003723
-21 -0.002242
-20 -0.003397
-19 -0.004078
-18 -0.004726
-17 -0.002764
-16 -0.003304
-15 -0.004924
-14 -0.006292
-13 -0.004021
-12 -0.004697
-11 -0.002451
-10 -0.002587
-9 -0.003644
-8 -0.002062
-7 0.001617
-6 0.004194
-5 0.003684
-4 0.003223
-3 0.003859
-2 -0.000527
-1 0.011973
0 0.034953
1 0.038846
2 0.042400
3 0.042446
4 0.044376
5 0.048795
6 0.047107
7 0.043885
8 0.041980
9 0.038198
10 0.035129
11 0.032692
12 0.030936
13 0.031726
14 0.033362
15 0.032289
16 0.032966
17 0.032441
18 0.033404
19 0.035551
20 0.036433
21 0.032588
22 0.029026
23 0.027285
24 0.027495
25 0.026692
26 0.026582
27 0.027360
28 0.026999
29 0.027346
30 0.025292
31 0.022633
32 0.020908
33 0.022999
34 0.024519
35 0.023832
36 0.024183
37 0.028593
38 0.031398
39 0.034612
40 0.039067
41 0.043118
42 0.047295
43 0.050077
44 0.055736
45 0.059080
46 0.063509
47 0.066203
48 0.068858
49 0.072009
50 0.072758
51 0.074141
52 0.076179
53 0.077098
54 0.076801
55 0.077443
56 0.078447
57 0.080709
58 0.080023
59 0.079099
