-60 -0.001985
-59 -0.001974
-58 -0.001510
-57 -0.002824
-56 -0.003300
-55 -0.002571
-54 -0.001947
-53 -0.000976
-52 -0.000051
-51 0.000234
-50 0.000360
-49 0.000214
-48 0.000620
-47 -0.000243
-46 0.000135
-45 0.001660
-44 0.003362
-43 0.002656
-42 0.004526
-41 0.005129
-40 0.004662
-39 0.004163
-38 0.003580
-37 0.003829
-36 0.002744
-35 0.001816
-34 -0.000086
-33 -0.001800
-32 -0.001841
-31 -0.002666
-30 -0.003009
-29 -0.002996
-28 -0.003491
-27 -0.002201
-26 -0.002202
-25 -0.000682
-24 -0.000438
-23 -0.000103
-22 -0.001170
-21 -0.001598
-20 -0.000328
-19 0.000572
-18 0.002295
-17 0.004177
-16 0.000581
-15 -0.000443
-14 -0.000329
-13 0.002033
-12 0.002784
-11 0.003537
-10 0.004982
-9 0.004874
-8 0.007150
-7 0.010362
-6 0.011179
-5 0.011713
-4 0.009676
-3 0.010120
-2 0.010639
-1 0.008786
0 0.015606
1 0.021060
2 0.023586
3 0.026125
4 0.028962
5 0.031786
6 0.030815
7 0.030517
8 0.029137
9 0.027984
10 0.027488
11 0.026147
12 0.025663
13 0.026474
14 0.026454
15 0.025543
16 0.026382
17 0.026089
18 0.024453
19 0.024312
20 0.024551
21 0.024317
22 0.022420
23 0.020961
24 0.022379
25 0.020666
26 0.021045
27 0.020872
28 0.019919
29 0.019153
30 0.017477
31 0.016311
32 0.015300
33 0.017026
34 0.018029
35 0.017947
36 0.017714
37 0.020159
38 0.021746
39 0.024632
40 0.027716
41 0.030632
42 0.030765
43 0.033173
44 0.035452
45 0.039651
46 0.041684
47 0.043638
48 0.044627
49 0.044979
50 0.044556
51 0.045565
52 0.046330
53 0.046349
54 0.046694
55 0.046228
56 0.047479
57 0.046844
58 0.045452
59 0.046226
