-60 -0.001391
-59 -0.003490
-58 -0.002197
-57 -0.006999
-56 -0.010825
-55 -0.009991
-54 -0.009886
-53 -0.010678
-52 -0.009660
-51 -0.007586
-50 -0.007252
-49 -0.007108
-48 -0.008196
-47 -0.008738
-46 -0.008232
-45 -0.007371
-44 -0.005084
-43 -0.005850
-42 -0.004294
-41 -0.001452
-40 -0.001386
-39 0.001386
-38 -0.000051
-37 -0.001413
-36 -0.001322
-35 -0.004352
-34 -0.008784
-33 -0.010040
-32 -0.011774
-31 -0.013368
-30 -0.013630
-29 -0.017387
-28 -0.016012
-27 -0.011452
-26 -0.010432
-25 -0.009127
-24 -0.007919
-23 -0.004571
-22 -0.005512
-21 -0.007663
-20 -0.009122
-19 -0.009199
-18 -0.006659
-17 -0.005358
-16 -0.007582
-15 -0.008745
-14 -0.008101
-13 -0.005842
-12 -0.008295
-11 -0.005690
-10 -0.004511
-9 -0.006002
-8 -0.004630
-7 -0.002044
-6 -0.001112
-5 -0.000254
-4 -0.002014
-3 -0.001367
-2 -0.004168
-1 -0.021155
0 -0.041926
1 -0.035675
2 -0.032295
3 -0.030431
4 -0.026764
5 -0.026349
6 -0.030173
7 -0.030926
8 -0.033649
9 -0.038341
10 -0.038718
11 -0.039258
12 -0.041315
13 -0.041300
14 -0.040293
15 -0.040492
16 -0.039010
17 -0.038274
18 -0.036779
19 -0.036417
20 -0.038837
21 -0.041425
22 -0.043296
23 -0.045936
24 -0.045710
25 -0.046872
26 -0.047079
27 -0.048177
28 -0.048633
29 -0.048428
30 -0.051216
31 -0.053528
32 -0.055061
33 -0.053294
34 -0.050888
35 -0.051133
36 -0.050493
37 -0.046704
38 -0.042931
39 -0.042526
40 -0.035401
41 -0.032074
42 -0.030996
43 -0.025484
44 -0.018847
45 -0.014818
46 -0.008788
47 -0.006718
48 -0.003764
49 -0.002340
50 -0.004457
51 -0.003334
52 -0.001130
53 0.000489
54 0.001642
55 0.002369
56 0.005950
57 0.006535
58 0.007974
59 0.008626
